1	400	400
2	18980	18990
3	1010	1000
4	60	60
5	530	530
6	60	60
7	60	60
8	270	260
9	60	60
10	150	150
11	20	30
12	240	230
13	20	20
14	20	20
15	60	70
16	20	20
17	60	60
18	70	70
19	70	70
20	70	60
21	20	30
22	70	60
23	30	30
24	20	20
25	70	70
26	60	60
27	20	20
28	20	20
29	20	20
30	20	20
31	30	20
32	20	20
33	20	20
34	20	20
35	30	20
36	20	30
37	70	70
38	20	20
39	20	20
40	20	20
41	20	20
42	20	20
43	20	30
44	30	20
45	70	70
46	70	70
47	20	30
48	20	20
49	20	20
50	20	20
51	20	20
52	20	20
53	20	20
54	20	20
55	70	70
56	30	30
57	20	20
58	20	20
59	20	30
60	120	120
61	30	20
62	20	20
63	20	20
64	20	30
65	70	70
66	220	220
67	20	20
68	20	30
69	20	20
70	20	20
71	20	20
72	20	10
73	20	20
74	30	30
75	20	20
76	20	20
77	70	70
78	20	20
79	20	20
80	20	20
81	70	80
82	20	20
83	20	30
84	30	20
85	20	30
86	30	20
87	20	20
88	70	80
89	20	20
90	30	30
91	30	20
92	30	30
93	20	20
94	20	30
95	30	30
96	30	20
97	20	30
98	20	20
99	30	30
100	20	20
101	80	80
102	20	20
103	20	20
104	20	20
105	20	20
106	80	80
107	20	30
108	30	30
109	30	20
110	20	30
111	120	120
112	30	30
113	30	30
114	30	30
115	20	30
116	30	20
117	30	30
118	20	20
119	30	30
120	20	20
121	20	30
122	30	20
123	30	30
124	20	20
125	30	20
126	30	30
127	30	20
128	20	20
129	20	20
130	20	20
131	30	30
132	30	30
133	30	20
134	30	30
135	80	80
136	80	80
137	30	20
138	30	30
139	30	20
140	30	30
141	80	80
142	30	30
143	30	30
144	80	80
145	30	30
146	30	30
147	30	30
148	30	20
149	20	20
150	20	20
151	20	20
152	30	30
153	20	20
154	30	30
155	30	20
156	30	30
157	20	20
158	30	30
159	80	90
160	20	30
161	30	30
162	30	30
163	30	20
164	90	90
165	30	30
166	30	20
167	20	30
168	30	30
169	30	30
170	30	20
171	90	90
172	30	30
173	20	20
174	30	30
175	20	20
176	20	20
177	20	30
178	20	20
179	30	20
180	30	30
181	20	30
182	30	30
183	30	20
184	30	30
185	30	30
186	30	20
187	30	30
188	30	30
189	30	30
190	30	20
191	30	30
192	30	30
193	150	140
194	30	30
195	30	30
196	30	30
197	30	30
198	20	20
199	30	30
200	20	30
201	30	20
202	20	20
203	30	30
204	30	20
205	20	30
206	30	30
207	30	30
208	30	20
209	30	30
210	30	40
211	30	30
212	30	30
213	30	30
214	30	30
215	30	30
216	30	30
217	30	30
218	30	40
219	30	30
220	30	40
221	40	30
222	30	30
223	30	30
224	30	20
225	20	30
226	30	20
227	30	30
228	30	30
229	20	20
230	30	30
231	20	20
232	30	30
233	30	30
234	30	30
235	30	30
236	40	30
237	40	30
238	30	30
239	30	30
240	30	30
241	30	30
242	30	30
243	100	100
244	40	40
245	90	90
246	30	30
247	30	30
248	40	30
249	30	30
250	30	30
251	30	30
252	30	30
253	30	30
254	20	20
255	30	30
256	30	30
257	40	30
258	40	40
259	40	30
260	30	30
261	30	40
262	30	30
263	30	30
264	40	30
265	30	30
266	30	40
267	30	30
268	30	30
269	30	30
270	30	30
271	30	30
272	30	30
273	30	30
274	30	40
275	40	30
276	30	30
277	30	30
278	30	20
279	30	30
280	20	30
281	30	20
282	30	30
283	40	40
284	100	90
285	30	40
286	30	20
287	30	30
288	30	40
289	40	30
290	30	30
291	40	40
292	40	40
293	40	40
294	30	30
295	30	30
296	30	30
297	30	30
298	30	40
299	30	30
300	30	30
301	30	30
302	20	20
303	20	30
304	30	30
305	40	40
306	30	30
307	30	30
308	30	30
309	30	30
310	30	30
311	30	30
312	30	30
313	30	40
314	30	30
315	30	30
316	30	30
317	40	30
318	30	40
319	40	30
320	30	40
321	30	30
322	30	30
323	30	20
324	30	30
325	30	30
326	30	30
327	30	30
328	30	30
329	30	30
330	30	40
331	30	30
332	30	30
333	40	30
334	40	40
335	30	30
336	30	30
337	40	40
338	30	30
339	40	40
340	40	40
341	40	30
342	110	110
343	100	100
344	30	30
345	30	30
346	30	30
347	30	30
348	30	30
349	30	30
350	40	40
351	30	30
352	30	30
353	40	40
354	40	30
355	40	40
356	30	30
357	30	30
358	30	30
359	30	30
360	30	40
361	40	40
362	40	40
363	40	40
364	40	40
365	30	30
366	40	40
367	30	30
368	30	30
369	40	40
370	30	30
371	100	100
372	40	40
373	40	40
374	40	40
375	30	40
376	40	30
377	40	40
378	50	50
379	40	40
380	40	50
381	40	40
382	50	50
383	50	40
384	50	50
385	40	40
386	50	50
387	40	30
388	40	40
389	40	40
390	40	30
391	40	40
392	40	40
393	40	50
394	30	40
395	40	40
396	40	30
397	40	50
398	50	40
399	40	50
400	50	40
401	50	50
402	50	50
403	40	40
404	50	50
405	60	50
406	50	50
407	50	40
408	40	40
409	40	50
410	50	50
411	50	40
412	50	50
413	50	50
414	50	50
415	40	50
416	50	40
417	50	50
418	50	50
419	160	170
420	50	50
421	40	50
422	50	40
423	40	50
424	40	40
425	60	60
426	50	50
427	50	50
428	50	50
429	60	50
430	50	50
431	60	60
432	60	60
433	60	60
434	60	50
435	60	60
436	50	50
437	50	50
438	50	50
439	60	60
440	60	60
441	60	50
442	50	60
443	60	50
444	60	60
445	60	60
446	50	50
447	50	60
448	60	60
449	60	50
450	60	60
451	50	50
452	70	60
453	50	60
454	60	50
455	60	60
456	70	70
457	60	50
458	50	60
459	60	70
460	60	60
461	60	60
462	60	60
463	60	50
464	50	60
465	60	60
466	60	60
467	70	70
468	90	80
469	70	70
470	70	80
471	70	70
472	80	80
473	90	90
474	90	80
475	90	90
476	90	90
477	90	80
478	110	110
479	100	100
480	100	100
481	110	110
482	110	100
483	110	100
484	110	110
485	110	120
486	120	120
487	120	120
488	120	120
489	120	120
490	120	130
491	130	140
492	140	130
493	130	140
494	140	140
495	140	140
496	150	150
497	150	150
498	150	150
499	150	150
500	160	160
501	150	150
502	160	170
503	160	160
504	180	170
505	170	170
506	170	170
507	180	180
508	180	180
509	180	180
510	180	180
511	190	190
512	190	190
513	190	190
514	190	190
515	190	200
516	200	200
517	200	210
518	200	200
519	220	220
520	210	210
521	220	210
522	210	220
523	220	220
524	220	230
525	230	230
526	230	230
527	230	230
528	230	240
529	240	230
530	240	240
531	250	250
532	240	250
533	250	250
534	260	260
535	250	250
536	260	260
537	260	260
538	290	290
539	270	270
540	270	270
541	270	270
542	270	270
543	280	290
544	280	280
545	280	280
546	320	310
547	280	290
548	310	310
549	340	340
550	360	370
551	400	400
552	430	420
553	450	460
554	490	480
555	510	510
556	540	540
557	570	570
558	570	570
559	620	620
560	690	680
561	740	740
562	800	790
563	860	850
564	900	910
565	960	960
566	1020	1020
567	1070	1080
568	1140	1140
569	1130	1130
570	1420	1420
571	1700	1700
572	1980	1980
573	2260	2260
574	2530	2540
575	2840	2840
576	2830	2820
577	3390	3390
578	3950	3950
579	4520	4520
580	5080	5080
581	5660	5650
582	5650	5640
583	5080	5080
584	4520	4520
585	3950	3950
586	3390	3390
587	2830	2830
588	2830	2820
589	2540	2550
590	2260	2260
591	1980	1980
592	1700	1690
593	1420	1420
594	1140	1130
595	1130	1130
596	1070	1080
597	1020	1020
598	960	960
599	910	900
600	850	850
601	790	790
602	730	730
603	680	690
604	620	620
605	580	570
606	560	570
607	530	540
608	510	510
609	480	480
610	450	450
611	420	420
612	390	400
613	360	370
614	340	340
615	310	310
616	280	290
617	290	280
618	280	280
619	290	290
620	270	270
621	270	280
622	280	270
623	260	270
624	270	260
625	260	260
626	260	260
627	260	260
628	250	250
629	250	250
630	250	250
631	240	250
632	240	240
633	240	240
634	230	230
635	240	230
636	230	230
637	230	230
638	220	220
639	220	220
640	210	220
641	220	220
642	210	210
643	210	210
644	210	210
645	200	200
646	200	200
647	200	200
648	200	200
649	200	190
650	190	190
651	190	190
652	180	180
653	180	180
654	180	180
655	180	180
656	180	170
657	170	170
658	160	170
659	170	160
660	160	160
661	160	160
662	160	160
663	150	150
664	150	150
665	150	150
666	150	150
667	140	140
668	140	140
669	130	140
670	140	130
671	140	140
672	120	130
673	120	120
674	130	130
675	120	120
676	110	110
677	110	120
678	110	110
679	110	110
680	100	100
681	100	100
682	100	100
683	90	100
684	100	90
685	90	90
686	90	90
687	90	90
688	80	80
689	80	80
690	80	80
691	70	70
692	70	70
693	70	70
694	70	70
695	60	70
696	60	60
697	60	60
698	60	60
699	50	50
700	60	60
701	60	50
702	60	60
703	50	60
704	60	60
705	50	50
706	50	60
707	50	50
708	60	50
709	50	60
710	60	50
711	50	50
712	50	50
713	50	60
714	60	50
715	50	50
716	50	50
717	50	50
718	50	50
719	50	50
720	50	50
721	50	50
722	50	50
723	50	50
724	50	50
725	60	60
726	50	50
727	50	50
728	50	50
729	50	50
730	50	50
731	50	50
732	50	40
733	50	50
734	50	50
735	50	50
736	50	60
737	40	40
738	50	50
739	50	50
740	50	50
741	50	50
742	40	40
743	50	50
744	50	40
745	40	50
746	50	40
747	50	50
748	40	40
749	40	40
750	50	50
751	40	40
752	50	50
753	40	40
754	40	40
755	40	50
756	40	40
757	40	40
758	40	40
759	40	40
760	40	40
761	40	40
762	40	40
763	40	40
764	40	40
765	40	40
766	40	40
767	40	40
768	40	40
769	40	30
770	40	40
771	40	40
772	40	40
773	30	30
774	40	40
775	40	40
776	40	30
777	30	40
778	40	30
779	40	40
780	40	40
781	30	30
782	40	30
783	30	40
784	30	30
785	30	40
786	30	30
787	30	40
788	30	30
789	30	30
790	40	40
791	30	40
792	30	30
793	30	30
794	30	40
795	40	30
796	40	30
797	40	40
798	30	30
799	30	30
800	30	30
801	30	30
802	30	30
803	30	30
804	30	30
805	30	30
806	30	30
807	30	30
808	30	30
809	30	30
810	30	30
811	30	30
812	30	30
813	30	30
814	30	30
815	30	30
816	30	20
817	30	30
818	30	40
819	30	30
820	30	30
821	30	30
822	30	30
823	30	30
824	40	40
825	40	30
826	30	30
827	30	30
828	30	30
829	30	30
830	30	30
831	30	30
832	30	30
833	30	40
834	30	30
835	30	30
836	30	30
837	30	30
838	30	30
839	30	30
840	30	30
841	40	40
842	30	30
843	30	20
844	30	30
845	20	30
846	30	30
847	30	30
848	30	20
849	40	30
850	30	40
851	30	30
852	30	30
853	30	30
854	30	30
855	30	30
856	30	30
857	30	30
858	30	40
859	30	30
860	30	30
861	20	20
862	30	30
863	20	30
864	30	30
865	30	30
866	20	30
867	20	30
868	30	20
869	30	30
870	30	30
871	30	40
872	20	30
873	30	20
874	20	30
875	30	30
876	30	30
877	20	30
878	30	20
879	20	30
880	30	20
881	30	30
882	20	20
883	30	30
884	30	30
885	30	30
886	30	30
887	30	20
888	30	30
889	30	30
890	30	30
891	30	30
892	30	30
893	30	20
894	30	30
895	30	30
896	30	30
897	30	30
898	30	30
899	30	30
900	20	20
901	30	30
902	20	30
903	30	20
904	30	30
905	20	30
906	20	20
907	30	30
908	20	30
909	30	30
910	30	20
911	20	30
912	30	30
913	30	30
914	30	30
915	30	30
916	30	30
917	30	20
918	20	30
919	30	20
920	20	30
921	30	20
922	30	30
923	20	20
924	20	30
925	20	20
926	30	30
927	30	30
928	20	30
929	30	20
930	20	20
931	30	30
932	30	30
933	20	30
934	30	30
935	30	30
936	30	20
937	20	30
938	20	30
939	30	20
940	20	30
941	20	20
942	40	40
943	30	30
944	20	20
945	20	30
946	20	20
947	30	30
948	20	20
949	20	30
950	30	20
951	20	30
952	30	20
953	30	30
954	20	20
955	30	30
956	20	20
957	30	30
958	30	30
959	30	30
960	30	20
961	20	30
962	20	20
963	30	20
964	20	30
965	20	20
966	20	20
967	30	30
968	20	20
969	30	30
970	30	20
971	20	30
972	30	20
973	30	30
974	20	20
975	20	30
976	30	20
977	30	30
978	30	30
979	30	30
980	20	20
981	30	30
982	20	20
983	20	30
984	30	30
985	30	30
986	20	30
987	30	20
988	30	30
989	20	20
990	20	20
991	30	30
992	20	30
993	30	20
994	30	30
995	30	30
996	20	20
997	20	20
998	30	30
999	30	20
1000	20	30
1001	20	20
1002	20	20
1003	30	30
1004	30	30
1005	20	20
1006	20	20
1007	20	20
1008	30	30
1009	20	30
1010	30	30
1011	30	30
1012	30	20
1013	30	20
1014	30	30
1015	20	20
1016	20	30
1017	20	20
1018	30	20
1019	20	30
1020	20	20
1021	20	20
1022	20	30
1023	20	20
1024	20	20
1025	20	20
1026	20	30
1027	30	20
1028	30	30
1029	30	20
1030	20	30
1031	20	20
1032	20	20
1033	20	20
1034	20	20
1035	20	30
1036	20	20
1037	30	20
1038	20	20
1039	20	30
1040	20	20
1041	20	20
1042	20	20
1043	20	20
1044	20	20
1045	20	20
1046	30	20
1047	20	20
1048	20	30
1049	20	20
1050	20	20
1051	20	20
1052	10	20
1053	20	20
1054	30	30
1055	20	20
1056	30	30
1057	20	20
1058	20	20
1059	20	20
1060	20	30
1061	20	20
1062	30	30
1063	20	20
1064	30	20
1065	20	30
1066	20	20
1067	20	20
1068	20	30
1069	20	20
1070	20	20
1071	20	30
1072	20	20
1073	30	20
1074	20	20
1075	20	30
1076	30	20
1077	30	20
1078	20	30
1079	20	20
1080	20	20
1081	20	20
1082	20	20
1083	30	20
1084	30	30
1085	80	70
1086	30	30
1087	20	20
1088	30	30
1089	30	20
1090	30	20
1091	20	30
1092	20	20
1093	20	20
1094	20	20
1095	20	20
1096	20	20
1097	20	20
1098	20	20
1099	10	10
1100	20	20
1101	20	20
1102	20	20
1103	20	20
1104	20	30
1105	30	20
1106	20	20
1107	20	20
1108	20	30
1109	30	20
1110	30	20
1111	20	20
1112	20	30
1113	30	20
1114	20	30
1115	20	20
1116	20	20
1117	20	20
1118	20	20
1119	30	20
1120	70	70
1121	30	30
1122	20	20
1123	20	20
1124	20	30
1125	20	20
1126	30	20
1127	20	30
1128	20	20
1129	30	20
1130	20	20
1131	20	30
1132	20	20
1133	20	20
1134	20	20
1135	20	20
1136	20	20
1137	20	20
1138	70	70
1139	20	20
1140	20	20
1141	20	10
1142	20	20
1143	20	20
1144	20	20
1145	20	30
1146	20	20
1147	20	20
1148	20	20
1149	30	20
1150	70	70
1151	70	70
1152	20	20
1153	120	120
1154	20	20
1155	20	20
1156	20	20
1157	20	20
1158	60	60
1159	20	20
1160	110	110
1161	20	20
1162	20	20
1163	20	20
1164	90	90
1165	310	310
1166	170	170
1167	260	270
1168	130	130
1169	130	130
1170	60	60
1171	100	110
1172	60	50
1173	660	660
1174	40	50
1175	190	180
1176	30	30
1177	90	80
1178	100	100
1179	50	50
1180	30	30
1181	60	60
1182	20	30
1183	50	50
1184	30	20
1185	260	260
1186	20	20
1187	160	170
1188	110	110
1189	30	30
1190	80	80
1191	20	20
1192	30	30
1193	50	50
1194	30	30
1195	70	70
1196	20	20
1197	60	60
1198	30	30
1199	20	20
1200	40	40
1201	180	180
1202	60	60
1203	20	20
1204	60	70
1205	70	60
1206	250	260
1207	150	150
1208	40	40
1209	20	20
1210	20	20
1211	70	70
1212	100	90
1213	20	30
1214	80	80
1215	70	70
1216	50	50
1217	40	40
1218	70	80
1219	60	50
1220	100	110
1221	40	30
1222	30	30
1223	100	100
1224	30	30
1225	30	30
1226	70	70
1227	90	90
1228	50	60
1229	40	40
1230	60	60
1231	70	70
1232	30	30
1233	20	20
1234	40	40
1235	80	80
1236	90	90
1237	30	30
1238	50	50
1239	30	30
1240	30	30
1241	30	20
1242	110	110
1243	40	40
1244	50	60
1245	40	30
1246	30	40
1247	20	20
1248	130	120
1249	130	140
1250	30	30
1251	30	30
1252	40	40
1253	40	30
1254	50	60
1255	30	20
1256	60	60
1257	40	40
1258	40	40
1259	70	80
1260	20	30
1261	30	30
1262	50	40
1263	40	50
1264	50	50
1265	30	30
1266	20	30
1267	50	50
1268	80	80
1269	20	10
1270	120	130
1271	100	100
1272	30	30
1273	40	40
1274	50	50
1275	50	50
1276	40	40
1277	110	110
1278	70	70
1279	140	140
1280	50	50
1281	70	70
1282	40	40
1283	70	70
1284	100	110
1285	50	50
1286	50	50
1287	120	120
1288	140	140
1289	120	120
1290	30	20
1291	160	160
1292	280	290
1293	110	110
1294	160	160
1295	150	150
1296	170	170
1297	30	30
1298	120	120
1299	290	280
1300	60	60
1301	170	160
1302	90	100
1303	130	130
1304	160	160
1305	80	70
1306	70	70
1307	140	140
1308	220	220
1309	470	460
1310	140	140
1311	230	240
1312	70	70
1313	290	280
1314	80	80
1315	270	280
1316	220	220
1317	160	160
1318	30	30
1319	210	210
1320	60	60
1321	160	160
1322	30	40
1323	330	330
1324	260	270
1325	60	50
1326	150	150
1327	130	140
1328	280	270
1329	290	290
1330	280	280
1331	430	430
1332	380	380
1333	420	410
1334	70	70
1335	310	320
1336	390	390
1337	60	50
1338	180	180
1339	380	380
1340	480	480
1341	320	310
1342	190	190
1343	430	430
1344	310	310
1345	490	490
1346	300	300
1347	140	130
1348	60	60
1349	150	150
1350	40	40
1351	110	120
1352	440	430
1353	430	430
1354	1070	1060
1355	410	420
1356	300	290
1357	30	30
1358	80	80
1359	90	90
1360	100	100
1361	70	70
1362	90	90
1363	110	110
1364	120	120
1365	50	50
1366	40	40
1367	340	350
1368	120	120
1369	120	120
1370	100	90
1371	100	110
1372	200	190
1373	150	160
1374	190	200
1375	60	70
1376	180	180
1377	20	30
1378	150	150
1379	160	160
1380	260	260
1381	230	220
1382	60	70
1383	140	140
1384	100	100
1385	140	140
1386	290	290
1387	70	70
1388	130	130
1389	210	200
1390	290	290
1391	80	80
1392	310	320
1393	310	300
1394	360	360
1395	80	70
1396	580	590
1397	160	160
1398	50	50
1399	330	320
1400	30	40
1401	120	120
1402	60	60
1403	700	710
1404	340	340
1405	190	190
1406	340	340
1407	140	140
1408	500	500
1409	120	120
1410	450	450
1411	350	340
1412	50	60
1413	360	360
1414	470	460
1415	210	220
1416	300	300
1417	300	300
1418	130	130
1419	140	140
1420	60	60
1421	300	300
1422	390	390
1423	310	310
1424	480	470
1425	510	520
1426	510	500
1427	440	440
1428	220	220
1429	200	190
1430	140	140
1431	300	290
1432	60	70
1433	230	230
1434	640	640
1435	570	580
1436	100	90
1437	520	520
1438	910	910
1439	920	930
1440	620	610
1441	290	280
1442	710	720
1443	1490	1490
1444	230	220
1445	1580	1580
1446	350	350
1447	1630	1640
1448	1830	1830
1449	1190	1190
1450	2460	2470
1451	490	490
1452	2480	2470
1453	2340	2340
1454	790	800
1455	3000	3000
1456	1230	1230
1457	1520	1520
1458	960	960
1459	1380	1380
1460	1400	1400
1461	2540	2540
1462	110	110
1463	3720	3710
1464	3690	3690
1465	3700	3690
1466	1340	1350
1467	340	330
1468	130	130
1469	4630	4630
1470	2510	2510
1471	3860	3860
1472	5100	5090
1473	3410	3410
1474	690	700
1475	5230	5230
1476	50	50
1477	3660	3660
1478	820	820
1479	2990	2980
1480	1450	1450
1481	250	250
1482	110	110
1483	2860	2860
1484	140	140
1485	180	180
1486	190	180
1487	320	320
1488	50	50
1489	1970	1970
1490	1890	1890
1491	90	90
1492	590	590
1493	1540	1540
1494	8910	8910
1495	210	200
1496	4190	4190
1497	3990	3990
1498	220	230
1499	1480	1480
1500	3570	3570
1501	1840	1840
1502	150	150
1503	80	80
1504	890	880
1505	400	400
1506	50	40
1507	1090	1090
1508	80	80
1509	2020	2020
1510	1280	1280
1511	260	260
1512	50	60
1513	790	780
1514	150	150
1515	1750	1750
1516	50	60
1517	4610	4600
1518	4060	4060
1519	6330	6340
1520	80	70
1521	1530	1540
1522	1460	1460
1523	13820	13820
1524	1870	1860
1525	6660	6670
1526	2330	2320
1527	250	250
1528	3340	3340
1529	60	60
1530	1100	1110
1531	1750	1750
1532	350	350
1533	1120	1120
1534	110	110
1535	1130	1130
1536	780	780
1537	110	100
1538	2590	2590
1539	120	120
1540	950	950
1541	170	160
1542	1750	1750
1543	4890	4890
1544	7020	7010
1545	2400	2400
1546	1180	1170
1547	1050	1050
1548	1130	1130
1549	1830	1840
1550	4760	4770
1551	3920	3910
1552	820	820
1553	10	10
1554	320	320
1555	60	60
1556	5590	5580
1557	1590	1590
1558	1270	1270
1559	100	90
1560	160	160
